variant_id,stop_id
851929,2899
851929,55
851929,5440
851929,2274
851929,2304
851929,3415
851929,2828
851929,707
851929,603
851929,4892
851929,1330
851929,3517
851929,508
851929,5456
851929,3514
851929,2861
851929,1149
851929,5274
852296,509
852296,3526
852622,553
852622,4894
852622,5123
852622,3517
852622,480
852622,3894
852665,638
852830,3134
852830,481
852830,3891
852830,5625
852962,2899
852962,3422
853461,5475
853461,179
853476,812
853476,3861
853476,4458
853476,4115
853476,4709
853476,4481
853476,4678
853476,4461
853476,4746
853596,5608
853596,5561
853596,4248
853598,5608
853598,895
853605,5608
853605,2251
853605,895
853612,5608
853612,2251
853612,895
853612,3976
853612,3972
853634,1782
853634,638
853634,3124
853634,5599
853638,1782
853638,638
853638,3124
853638,5599
853638,4908
853877,2276
853877,3415
854085,5692
854497,1782
854497,638
854497,3124
854497,5599
854497,46
854641,665
854695,3415
854695,2828
854695,707
854695,606
854695,603
854695,1900
854695,4892
854695,2029
854695,1313
854695,637
854695,668
854725,1160
854752,5274
854752,1759
854752,211
854752,240
854790,1151
854790,305
854790,3891
854946,864
855219,2528
855219,2036
855219,353
855219,4284
855219,4286
855219,4291
855219,4301
855219,4276
855219,4275
855380,648
855380,5579
855380,212
855380,5296
855380,271
855498,3422
855581,642
855581,636
855581,1312
855581,1176
855581,4893
855581,1901
855581,604
855581,605
855581,708
855581,711
855581,3421
855582,3415
855582,2828
855582,707
855582,606
855582,603
855582,1900
855582,4892
855582,1289
855582,2029
855582,1313
855582,637
855582,668
855582,2172
855582,675
855793,5445
855793,2528
855793,481
855793,5457
855793,509
855793,3526
855793,546
855793,4895
855793,554
855795,2855
855892,5700
855892,5220
856137,148
856137,5609
856138,5608
856138,72
856138,1125
856138,4804
856138,114
856139,5608
856139,149
856149,148
856149,5609
856150,148
856150,5609
856154,153
856154,148
856155,153
856155,148
856155,5609
856156,153
856156,148
856156,5609
856158,115
856158,4803
856158,981
856158,2482
856158,73
856158,5609
856168,5608
856168,149
856168,153
856402,3976
856402,3972
856825,5462
856825,2855
856848,5218
856848,5221
856848,5705
856848,5692
856885,3598
856885,5627
856885,2506
856885,3415
857431,5681
857431,4125
857431,5689
857431,5716
857431,3514
857431,3519
857509,1149
857509,5274
857510,2861
857510,1149
857510,5274
857528,642
857528,636
857528,1312
857528,1176
857528,4893
857528,1901
857528,604
857528,605
857528,708
857528,711
857528,3421
857538,2172
857538,675
857538,5108
857613,864
857613,3901
857856,812
857856,3861
857856,4458
857856,4115
857856,4459
857856,4746
857886,5608
857887,1015
857887,5609
857893,148
857893,5609
857893,4144
857894,115
857894,4803
857894,981
857894,2482
857894,73
857894,5609
857895,5609
857896,1015
857957,5109
857957,5110
857957,686
857957,3123
857957,636
858689,5608
858689,149
858689,912
858690,2714
858690,5608
858690,149
858690,912
858692,115
858692,4803
858692,981
858692,2482
858692,73
858733,576
858733,2880
858733,565
858733,551
858733,607
858759,638
858759,3124
858759,687
858759,2056
858759,5110
858835,4125
858835,5716
858835,3514
858835,3519
858930,637
858930,5579
858930,212
858930,195
858930,179
858931,180
858931,1142
858931,5582
858931,638
859007,3415
859007,2828
859007,707
859007,606
859007,603
859007,1900
859007,4892
859007,1289
859007,2029
859007,1313
859007,637
859007,668
859007,2172
859007,675
859064,665
859084,5296
859084,271
859084,281
859084,3782
859084,5571
859095,3415
859095,2828
859095,707
859095,606
859095,603
859095,1900
859095,4892
859095,2029
859095,1313
859095,637
859095,668
859188,3514
859188,2855
859188,1142
859266,642
859266,636
859266,1312
859266,1176
859266,4893
859266,1901
859266,604
859266,605
859266,708
859266,711
859266,3421
859359,5424
859373,5296
859373,271
859373,281
859373,5571
859373,5466
859374,5626
859406,4896
859406,1420
859406,1581
859406,1387
859667,1582
859667,1578
859667,1544
859667,1407
859667,1532
859825,644
859825,5579
859825,5296
859825,271
859825,281
859825,403
859825,5571
859864,637
859864,668
859864,2172
859867,5296
859890,637
859890,2172
859890,675
859904,1160
859906,648
859906,5579
859906,212
859906,5296
859906,271
859907,648
859907,5579
859907,212
859907,5296
859907,271
859907,281
859907,812
859948,3134
859948,481
859948,3891
859948,5625
859956,3134
859964,2172
859964,675
859964,5108
860007,271
860007,281
860082,1587
860512,981
860512,2482
860512,73
860512,5609
860513,5609
860514,1015
860514,5609
860648,5167
860648,5155
860648,115
860649,5297
860649,4571
860649,869
860714,3762
860718,116
860718,5424
860720,2172
860721,5296
860746,642
860746,636
860746,1312
860746,1176
860746,4893
860746,1901
860746,604
860746,605
860746,708
860746,711
860746,3421
860768,1149
860768,5614
860768,5297
860768,1142
860768,5582
860768,639
860768,3895
860769,3182
860769,2861
860769,1149
860769,5297
860769,1142
860769,5582
860770,648
860770,5579
860770,212
860770,5296
860770,271
860770,281
860770,812
860811,2479
860812,5154
860812,5160
860812,240
860812,30
860812,305
860812,3900
860812,5639
860878,5288
860878,271
860878,2863
860878,3518
860878,5456
860891,3892
860891,1249
860891,3134
860906,864
860909,864
860909,3901
861065,1573
861065,1501
861065,1387
861065,4685
861065,2817
861158,4125
861158,5689
861158,5716
861158,3514
861158,3519
861158,547
861218,509
861218,3526
861218,547
861252,1125
861252,3762
861252,114
861252,5154
861252,4748
861264,4894
861264,4570
861264,5296
861327,5296
861353,242
861353,5296
861354,180
861354,5297
861354,240
861357,5109
861361,638
861364,5689
861364,2049
861364,3892
861398,977
861398,1312
861398,1871
861398,1782
861398,637
861399,2855
861399,205
861410,2855
861436,5626
861436,1963
861436,3182
861436,2861
861436,1149
861436,5297
861436,1142
861436,5582
861436,5583
861533,481
861533,3526
861533,814
861533,1175
861533,638
861547,469
861547,5739
861547,1011
861557,5109
861557,212
861557,1306
861557,281
861557,1962
861557,3934
861557,3890
861557,480
861557,2527
861559,553
861559,4894
861559,5123
861559,3517
861559,480
861559,3894
861561,5297
861561,4571
861561,869
861561,5575
861600,3900
861600,3892
861600,27
861601,5466
861601,5626
861601,2863
861601,3900
861601,3892
861601,27
861625,469
861625,27
861626,26
861626,5584
861626,3134
861633,639
861633,3895
861664,3134
861664,481
861846,1750
861861,4898
861861,1547
861861,3524
861872,1496
861872,1604
861878,1398
861878,3522
861878,1418
861878,2033
861878,1628
861935,3858
861935,1491
861935,1548
861935,4897
861935,1869
861935,1587
861976,5475
861976,179
861976,4387
861976,4490
861978,5475
861978,179
861978,4387
861979,5475
861979,2492
861979,4387
861987,5288
861987,5613
861987,4634
861987,4478
861987,4465
861987,4746
862022,1751
862049,3908
862049,1461
862049,1398
862070,1160
862070,212
862070,2479
862070,115
862082,2528
862082,3901
862082,2855
862082,1174
862082,116
862086,284
862086,2861
862086,1149
862086,5614
862086,5274
862086,1759
862086,1251
862145,5274
862145,1759
862145,211
862145,240
862147,1151
862147,318
862147,3892
862147,1249
862147,27
862161,1759
862161,1142
862162,728
862164,3134
862171,2528
862171,481
862172,2855
862172,1174
862172,1142
862172,2172
862172,675
862172,5108
862196,2899
862196,3422
862216,5626
862216,1963
862216,3182
862216,2861
862216,1149
862216,5297
862216,1142
862216,5582
862314,3134
862332,3422
862337,1160
862337,5582
862337,651
862337,965
862337,3517
862337,508
862337,5460
862337,3514
862337,3901
862339,1160
862339,5582
862339,651
862339,965
862339,3517
862339,508
862339,5460
862339,3514
862339,3901
862358,2506
862358,3422
862358,2013
862358,761
862369,1548
862369,1420
862369,5437
862369,1541
862376,1497
862376,1531
862376,1408
862376,1542
862376,1579
862376,1583
862398,3522
862398,1419
862398,1471
862398,4899
862499,1601
862499,1628
862711,481
862711,3526
862711,814
862711,1175
862711,638
862713,26
862713,5423
862724,26
862724,5423
862724,5716
862724,319
862724,2855
862724,5296
862725,5297
862725,1306
862725,1151
862725,318
862725,3892
862725,1249
862725,27
862726,3134
862726,5573
862726,5423
862726,3514
862726,317
862726,281
862726,403
862733,469
862733,5573
862733,5423
862733,5716
862733,5458
862733,3526
862733,547
862733,242
862733,5155
862733,2479
862738,5716
862738,458
862738,3860
862738,3514
862742,2274
862742,3415
862742,2828
862742,603
862742,4892
862742,1330
862742,2815
862743,5626
862744,5571
862744,864
862744,327
862744,5487
862787,4652
862787,637
862797,26
862797,5423
862797,5716
862797,319
862798,5584
862798,3134
862799,1963
862799,2863
862799,316
862799,3518
862799,1249
862799,5584
862799,3134
862803,3514
862803,317
862803,281
862803,403
862807,3134
862807,5573
862807,5423
862807,3514
862807,317
862807,281
862807,403
862807,5439
862807,3256
862816,304
862816,2531
862816,5167
862816,5155
862816,2479
862817,1759
862817,1142
862817,5154
862817,5162
862819,812
862819,403
862831,2528
862831,481
862837,27
862838,5297
862838,4571
862838,3517
862838,3518
862839,5274
862840,1759
862840,1142
862845,26
862845,1330
862845,3517
862845,508
862845,5458
862845,3514
862845,242
862845,212
862850,469
862850,5573
862850,5423
862850,5716
862850,509
862850,3526
862850,547
862866,1160
862866,5582
862866,651
862866,965
862866,3517
862866,508
862882,760
862882,757
862882,1230
862882,2711
862882,3415
862882,707
862882,603
862883,2506
862883,3415
862883,707
862883,603
862901,812
862901,3861
862901,4458
862901,4434
862901,4463
862919,812
862919,3861
862919,4458
862919,4463
862919,4707
862919,4744
862919,4493
862919,4497
862936,2528
862936,2036
862936,353
862936,4284
862936,4286
862938,812
862938,3861
862938,4458
862938,4115
862938,4709
862938,4481
862938,4678
862938,4461
862938,4746
862938,4711
862954,3758
862954,1149
862954,4634
862954,4478
862954,4707
862954,4744
862984,665
862989,26
862989,3893
862989,3901
862989,281
862989,812
862989,403
862989,3782
862989,5571
862989,388
863004,26
863004,5716
863004,3514
863004,3519
863025,3894
863025,5523
863031,16
863031,198
863031,3547
863031,5297
863031,1151
863031,494
863031,3518
863031,5456
863045,5636
863045,2506
863045,3422
863045,2013
863046,2506
863046,3422
863046,2013
863048,4125
863050,5692
863084,4896
863084,1470
863084,1420
863084,5437
863084,2820
863085,1573
863085,1501
863085,1580
863085,1419
863085,1547
863085,2536
863091,1629
863091,2034
863091,1417
863091,5437
863091,1397
863095,2356
863095,1501
863095,1580
863095,1419
863095,4897
863095,1628
863096,1582
863096,1578
863096,1544
863096,1397
863100,1635
863100,4685
863100,1544
863100,3523
863100,1418
863100,2031
863100,1495
863147,2741
863147,1581
863147,1502
863147,1572
863148,1419
863148,1547
863148,2536
863149,1407
863150,4898
863150,1547
863150,3524
863151,1408
863152,1582
863152,1578
863152,1544
863156,1407
863161,1897
863171,1398
863171,3522
863171,1418
863171,2031
863176,2741
863176,1581
863176,1502
863176,1572
863177,1407
863195,1586
863197,1582
863197,1578
863197,1544
863197,1397
863200,1629
863200,2031
863204,1397
863204,1460
863204,3907
863231,3641
863234,1901
863234,604
863234,708
863234,711
863234,3422
863234,4431
863234,4523
863234,2245
863234,3641
863234,3027
863234,3025
863234,4551
863246,3420
863246,5592
863246,4566
863268,115
863268,4803
863268,981
863268,2482
863268,73
863268,5609
863273,153
863273,148
863273,5609
863273,4144
863274,981
863274,2482
863274,73
863353,1901
863353,604
863353,708
863353,711
863353,3422
863353,4431
863353,4523
863353,2245
863353,3641
863353,4254
863359,4525
863359,3628
863359,4554
863359,3617
863359,1085
863359,3603
863359,3596
863359,3598
863359,5627
863359,2506
863359,3415
863359,2828
863359,707
863359,612
863359,1819
863369,4254
863369,3617
863369,1085
863369,3603
863369,3596
863369,3598
863369,5627
863369,2506
863369,3415
863369,2828
863369,707
863369,612
863369,1819
863400,5609
863400,4201
863405,2714
863405,5608
863405,149
863407,153
863407,148
863407,5609
863408,73
863451,895
863451,3976
863451,3972
863486,1751
863486,1868
863487,1497
863487,2818
863487,3523
863487,1419
863487,1471
863487,4899
863488,1548
863488,1420
863488,1581
863488,1502
863488,1572
863490,4896
863490,1470
863490,1420
863490,1581
863490,1502
863490,1572
863491,1897
863491,2034
863491,1417
863491,1543
863493,1573
863493,5180
863493,1583
863493,1396
863493,1495
863563,1541
863566,1408
863650,1629
863650,2031
863654,1629
863656,4896
863656,1420
863656,5437
863659,1587
863668,1531
863668,1408
863669,2356
863669,1501
863669,1580
863669,1544
863672,1897
863672,2034
863672,1417
863672,5437
863677,1586
863677,1396
863677,4898
863677,1547
863677,3857
863677,1398
863684,1396
863684,1750
863687,1542
863687,1418
863687,2031
863700,1534
863700,1581
863700,1502
863700,1572
863707,1868
863710,2034
863710,1417
863710,5437
863710,1397
863712,1472
863712,4899
863714,1541
863722,2818
863722,4684
863722,1679
863722,1502
863722,1572
863731,1901
863731,604
863731,708
863731,711
863731,3422
863741,3884
863741,3415
863741,2828
863741,707
863741,603
863741,1900
863741,4892
863761,3600
863761,3603
863761,3596
863761,3598
863761,5627
863761,2506
863761,3415
863761,2828
863761,707
863765,3899
863765,1819
863765,2815
863765,281
863765,3934
863766,5571
863766,864
863766,327
863766,5487
863766,546
863766,4893
863766,1901
863766,604
863766,711
863766,3421
863766,2305
863775,4652
863775,637
863775,668
863775,2172
863776,639
863776,3899
863785,4652
863785,1892
863785,603
863785,1900
863796,647
863796,639
863796,3899
863796,1248
863796,708
863796,711
863796,3421
863796,2305
863798,1901
863798,604
863798,708
863798,711
863798,3420
863799,4652
863799,636
863799,818
863799,656
863799,242
863799,5296
863799,271
863800,1149
863800,5297
863800,240
863800,1175
863800,1782
863800,639
863800,3899
863801,26
863801,5125
863801,5716
863801,319
863801,2855
863801,5296
863802,242
863802,5296
863804,5689
863804,2331
863804,2528
863804,481
863804,3526
863804,4895
863804,554
863805,5297
863805,4571
863805,869
863805,5575
863806,2899
863806,51
863806,2274
863806,3415
863806,2828
863806,707
863806,603
863806,4892
863807,2899
863807,55
863807,5440
863807,2274
863807,2304
863807,3415
863807,2828
863807,707
863807,603
863807,4892
863807,1330
863807,3517
863807,508
863807,5456
863807,3514
863807,2861
863807,1149
863807,5274
863829,3933
863829,2863
863829,316
863829,5487
863829,613
863829,4652
863830,4652
863831,3899
863831,1819
863831,2815
863831,317
863831,281
863831,3934
863832,5571
863835,2815
863835,3891
863835,396
863835,5626
863836,603
863836,4892
863836,1330
863836,2815
863836,3891
863836,396
863836,5626
863840,1188
863840,711
863840,3421
863840,2305
863845,757
863845,3415
863845,2828
863846,1819
863846,1330
863846,3517
863846,3518
863846,3894
863846,5523
863848,1248
863848,711
863848,3420
863849,2049
863854,2049
863854,5716
863854,3514
863854,3526
863854,546
863854,613
863855,757
863855,3415
863855,2828
863855,613
863867,1125
863867,3762
863867,114
863867,5154
863867,952
863868,103
863868,799
863868,1125
863868,3762
863868,114
863868,5154
863868,4748
863869,242
863869,5167
863869,5155
863869,115
863870,242
863870,5167
863870,5155
863870,115
863870,3136
863871,242
863871,5167
863871,5155
863871,115
863871,3136
863872,115
863873,1160
863873,212
863873,2479
863873,115
863873,3130
863873,5408
863874,5409
863874,3130
863874,116
863874,5424
863874,1142
863876,212
863876,2479
863876,115
863877,1160
863879,4652
863879,637
863880,639
863880,3899
863881,4652
863881,637
863881,668
863881,2172
863881,5405
863882,5405
863882,639
863882,3899
863884,613
863898,5296
863898,271
863898,281
863898,5571
863902,5681
863902,4125
863902,5689
863902,5716
863902,3514
863902,3519
863903,4125
863903,5689
863903,3892
863903,27
863907,642
863907,636
863907,1312
863907,1176
863907,4893
863907,1901
863907,604
863907,605
863907,708
863907,711
863907,3421
863919,1901
863921,4652
863921,1892
863921,603
863921,1900
863921,1061
863921,4892
863924,1892
863924,603
863924,1900
863925,4652
863946,1149
863946,5614
863946,5297
863946,1142
863946,5582
863946,639
863946,3895
863948,526
863948,538
863948,3272
863954,26
863954,5716
863955,212
863955,3547
863955,5288
863958,5274
863958,1759
863958,5412
863958,211
863958,240
863962,2863
863962,316
863962,3518
863962,1249
863962,5584
863962,3134
863963,5584
863963,3134
863964,5439
863964,1963
863964,2863
863964,316
863964,3518
863964,3892
863964,1249
863964,5584
863964,3134
863965,3134
863965,5573
863965,5423
863965,3514
863965,317
863965,2855
863966,281
863966,403
863967,469
863967,5573
863967,5423
863967,3514
863967,317
863967,281
863967,403
863968,3134
863968,5573
863969,469
863969,5573
863969,5423
863969,3514
863969,317
863969,281
863969,403
863969,3256
863970,469
863970,5573
863970,5423
863970,3514
863970,317
863970,281
863970,403
863970,5439
863970,3256
863977,3218
863977,5424
863978,3901
863978,304
863978,2531
863978,5167
863978,5155
863986,637
863986,5579
863986,212
863986,195
863986,179
863987,647
863987,639
863987,3899
863987,1248
863987,708
863987,711
863987,3421
863987,2305
863988,2274
863988,3415
863988,2828
863988,707
863988,613
863988,4652
863988,638
863989,647
863989,637
863990,639
863990,3899
863990,1248
863990,708
863990,711
863990,3421
863990,2305
863992,639
863992,3899
863993,4652
863994,1149
863994,5297
863994,240
863994,1175
863994,1782
863996,480
863996,3134
864000,3134
864005,5689
864005,2955
864005,3134
864006,5297
864008,26
864008,5125
864008,5716
864008,319
864010,242
864010,5296
864010,2492
864016,212
864016,1306
864016,281
864017,3901
864017,281
864022,5689
864022,2049
864022,3892
864022,27
864029,5297
864030,603
864031,5296
864033,1901
864036,604
864036,708
864036,711
864036,3421
864036,2305
864036,2871
864037,3899
864037,604
864037,708
864037,711
864037,3421
864037,2305
864037,2871
864043,2899
864043,55
864043,5440
864043,2274
864043,2304
864043,3415
864043,2828
864043,707
864044,604
864044,708
864044,711
864044,3421
864044,2273
864044,2305
864044,5440
864044,2871
864045,2899
864045,55
864045,2274
864045,2304
864045,3415
864045,2828
864045,707
864045,626
864048,509
864048,3526
864048,5388
864048,546
864048,4893
864049,1759
864049,116
864050,935
864050,707
864050,611
864051,2594
864051,934
864055,26
864055,1330
864055,3517
864055,508
864063,3514
864063,1154
864063,5296
864063,1759
864063,15
864064,509
864064,3526
864064,546
864064,613
864064,637
864065,546
864065,613
864065,637
864066,3526
864066,546
864066,613
864066,637
864082,2880
864082,553
864082,5425
864082,637
864083,546
864083,4895
864083,554
864083,2880
864086,509
864086,3526
864086,546
864086,4895
864086,554
864121,760
864121,757
864121,1230
864121,2711
864121,3419
864121,5636
864121,2375
864135,4125
864136,4125
864141,5579
864141,5296
864141,271
864141,281
864141,403
864141,5571
864152,1398
864152,3522
864152,1418
864152,2031
864152,1868
864153,1582
864153,1578
864153,1544
864153,1407
864153,1532
864154,1398
864154,1541
864154,1579
864154,1583
864155,2356
864155,5180
864155,1595
864155,1616
864155,5437
864155,1397
864155,1460
864155,3907
864156,3908
864156,1461
864156,1398
864156,3522
864156,1596
864156,5179
864156,2355
864157,1573
864157,1501
864157,1387
864157,4685
864157,2817
864157,1531
864157,1408
864158,2356
864158,1501
864158,1580
864158,1544
864158,1397
864158,1460
864158,3907
864160,1897
864160,1869
864160,1582
864160,5179
864160,1572
864161,1750
864162,1751
864162,1868
864163,4896
864163,1470
864163,1420
864163,5437
864163,2820
864164,4896
864164,1473
864175,1542
864175,1579
864175,1583
864179,1542
864180,3523
864180,1419
864180,1547
864180,2536
864181,3522
864181,1419
864181,1547
864181,2536
864185,1603
864185,1497
864185,2818
864188,1396
864189,1398
864189,3522
864189,1418
864189,2031
864189,1868
864192,4896
864192,1473
864193,1573
864193,1501
864193,1580
864193,1533
864195,1531
864198,2356
864198,1501
864198,1580
864199,2356
864199,1501
864199,1580
864201,1534
864201,1581
864201,1502
864201,2355
864202,1679
864202,1580
864202,3383
864204,1679
864204,1580
864204,3383
864215,1603
864215,1497
864216,1603
864216,1497
864216,2818
864218,2033
864218,1628
864219,1534
864219,1596
864219,5179
864219,2355
864220,3523
864220,1548
864220,4899
864223,1573
864223,1501
864223,1387
864223,4685
864223,2817
864224,2820
864224,4684
864224,1679
864224,1502
864224,1572
864226,1397
864226,1460
864226,3907
864229,1897
864229,2034
864229,1417
864229,5437
864232,1897
864232,1869
864232,1582
864232,5115
864233,1564
864233,1615
864233,1583
864233,1396
864233,1495
864236,1586
864236,1868
864237,1586
864237,1396
864237,4898
864237,1547
864237,3857
864238,1398
864238,1541
864238,1581
864238,1502
864238,1572
864239,1541
864239,1581
864239,1502
864239,1572
864240,1869
864240,1587
864242,5608
864242,149
864243,5608
864243,2251
864244,148
864244,5609
864245,83
864245,2482
864245,73
864245,5558
864245,2839
864246,2838
864246,5611
864246,74
864246,1025
864247,5608
864247,895
864248,992
864248,5609
864249,148
864250,1015
864250,5609
864251,148
864251,5609
864252,148
864253,148
864253,5609
864254,148
864254,5609
864255,153
864255,148
864259,83
864259,2482
864259,73
864259,5558
864259,2839
864259,3994
864260,83
864260,2482
864260,73
864261,2838
864261,5611
864261,74
864261,1025
864262,2838
864262,5611
864262,74
864262,1025
864263,2838
864263,5611
864263,74
864263,1025
864264,3995
864264,2838
864264,5611
864264,74
864264,1025
864265,3995
864265,2838
864265,5611
864265,74
864265,1025
864267,3995
864267,2838
864267,5611
864267,74
864267,1025
864268,74
864268,1025
864269,74
864269,1025
864270,74
864270,1025
864271,74
864271,1025
864272,5608
864272,2251
864272,895
864273,5608
864273,895
864273,3870
864274,5608
864274,2251
864274,895
864274,3870
864275,992
864276,992
864276,5609
864277,992
864277,5609
864278,3871
864278,992
864278,5609
864279,3871
864279,992
864281,3871
864281,992
864281,5609
864283,992
864283,1015
864283,5609
864284,992
864284,1015
864284,5609
864285,992
864285,1015
864285,5609
864286,3871
864286,992
864286,1015
864286,5609
864287,3871
864287,992
864287,1015
864287,5609
864290,4248
864290,5620
864290,5609
864291,3977
864291,992
864291,5609
864293,4248
864293,5620
864293,5609
864294,4248
864294,5620
864294,5609
864295,4248
864295,5620
864299,3977
864299,992
864299,1015
864299,5609
864301,3977
864301,992
864301,1015
864301,5609
864302,3973
864302,3977
864302,992
864302,5609
864304,3973
864304,3977
864304,992
864304,5609
864307,3973
864307,3977
864307,992
864307,1015
864307,5609
864311,4700
864311,3537
864311,638
864311,4646
864311,46
864337,1188
864337,708
864337,711
864337,3421
864337,728
864337,3244
864337,2105
864337,3656
864337,3669
864337,1702
864337,3706
864337,3709
864337,1200
864337,3662
864337,3664
864337,1204
864337,3635
864341,576
864341,5577
864341,2746
864341,4987
864341,5724
864341,1994
864341,1852
864341,5723
864343,576
864343,5577
864343,2746
864343,4917
864343,1826
864343,4927
864343,5010
864355,1188
864355,708
864355,711
864355,3421
864355,728
864355,3244
864355,2105
864355,3720
864355,3656
864355,3669
864355,1702
864355,3706
864355,3709
864355,1200
864355,3662
864355,3664
864355,1204
864355,3635
864357,1188
864357,708
864357,711
864357,3421
864357,728
864357,3244
864357,4596
864357,3668
864357,1979
864357,3669
864357,3706
864357,3709
864357,1200
864357,3662
864357,3664
864359,1188
864359,708
864359,711
864359,3421
864359,728
864359,3244
864359,3720
864359,4596
864359,3668
864359,1979
864359,3669
864359,3706
864359,3709
864359,1200
864359,3662
864359,3664
864361,1188
864361,708
864361,711
864361,3421
864361,728
864361,3244
864361,2105
864361,3656
864361,3669
864361,1702
864361,3706
864361,3709
864361,1081
864362,1188
864362,708
864362,711
864362,3421
864362,728
864362,3244
864362,2105
864362,3720
864362,3656
864362,3669
864362,1702
864362,3706
864362,3709
864362,1081
864367,576
864367,5577
864367,2746
864367,4987
864367,4931
864367,5118
864367,1994
864367,1852
864367,5723
864371,576
864371,5577
864371,2746
864371,4987
864371,4917
864371,1826
864371,4927
864371,5010
864381,33
864381,4663
864381,538
864381,3272
864381,3370
864381,5111
864381,4979
864381,4929
864386,1188
864386,708
864386,711
864386,3422
864386,3195
864386,2013
864386,5592
864386,3641
864386,3027
864386,3025
864386,4551
864386,4544
864389,33
864389,4663
864389,538
864390,539
864390,4664
864390,838
864395,4827
864395,4389
864395,2665
864395,348
864395,481
864395,509
864460,4898
864460,1547
864460,3524
864460,1541
864461,1398
864461,3522
864461,1418
864461,2033
864461,1628
864462,1629
864462,4896
864462,1420
864462,1581
864462,1502
864462,2355
864463,1679
864463,1580
864463,1419
864463,4897
864471,1472
864471,4899
864483,2033
864483,1628
864488,1419
864488,4897
864488,1628
864489,4896
864489,1420
864489,5437
864495,2820
864495,1496
864495,1604
864506,1531
864510,1564
864510,1615
864510,5179
864510,1572
864518,1586
864518,1396
864518,4898
864518,1547
864518,3857
864518,1398
864518,1541
864518,1581
864518,1502
864518,1572
864520,1750
864521,1548
864521,1420
864521,5437
864523,1868
864524,1573
864524,1501
864524,1580
864524,2742
864525,1542
864527,2034
864527,1417
864527,1581
864527,1502
864527,2355
864530,3908
864530,1461
864530,1398
864531,1635
864531,4685
864531,1544
864532,3522
864532,1418
864532,2031
864532,1495
864537,582
864537,5761
864537,575
864537,613
864538,575
864539,596
864539,575
864539,555
864550,5587
864550,4400
864550,348
864550,1215
864550,481
864551,1160
864551,639
864551,3899
864551,1892
864551,604
864551,934
864551,5761
864552,5761
864552,1189
864552,935
864552,707
864552,613
864552,4652
864552,637
864552,648
864552,1162
864552,5600
864552,665
864554,396
864554,3890
864554,304
864554,2855
864554,5296
864554,1759
864555,757
864555,3415
864555,2828
864555,707
864555,603
864555,1900
864555,4892
864557,3134
864557,481
864557,3891
864557,5625
864560,5424
864560,5154
864560,240
864560,1330
864560,3517
864560,508
864560,5461
864560,3892
864560,1249
864560,3134
864561,1215
864561,481
864561,5458
864561,509
864561,3526
864561,5296
864561,3801
864562,3802
864562,5297
864562,3517
864562,508
864562,5457
864562,480
864562,2035
864570,5750
864570,5760
864570,5757
864573,5423
864574,1249
864605,1330
864605,3517
864605,480
864605,2035
864605,350
864605,2010
864606,2010
864608,5761
864608,1189
864608,935
864608,707
864608,613
864608,4652
864608,637
864608,648
864608,5600
864608,665
864609,1160
864609,639
864609,3899
864609,1892
864609,604
864609,5761
864609,1034
864609,1701
864610,1160
864610,639
864610,3899
864610,1892
864610,604
864610,934
864610,2117
864610,5761
864611,1034
864611,1701
864611,5761
864611,1189
864611,935
864611,707
864611,613
864611,4652
864611,637
864611,648
864611,5600
864611,665
864612,1034
864612,1701
864612,5761
864612,2117
864612,1189
864612,935
864612,707
864612,613
864612,4652
864612,637
864612,648
864612,5600
864612,665
864613,5761
864613,2117
864613,1189
864613,935
864613,707
864613,613
864613,4652
864613,637
864613,648
864613,5600
864613,665
864616,5761
864616,2117
864616,1189
864616,935
864616,707
864616,613
864616,4652
864616,637
864616,648
864616,5600
864616,665
864617,5761
864618,5761
864619,639
864619,3899
864619,1892
864619,604
864619,934
864619,5761
864621,5761
864621,1189
864621,935
864621,707
864621,613
864621,4652
864621,637
864621,644
864625,396
864625,3890
864625,304
864625,2855
864625,5296
864625,1759
864628,2010
864628,3890
864628,304
864628,2855
864629,1151
864629,305
864629,3891
864629,5432
864631,5639
864634,1901
864634,604
864634,708
864634,711
864634,3420
864634,2488
864636,3891
864636,5625
864637,481
864637,3891
864637,5625
864640,5571
864640,3890
864640,480
864641,5571
864641,3890
864641,480
864645,5571
864645,3890
864646,5761
864646,707
864650,2276
864650,3415
864651,604
864651,708
864651,3421
864652,3415
864652,707
864652,603
864653,3415
864653,2828
864653,707
864653,613
864657,2899
864657,55
864657,5440
864657,2274
864657,2304
864657,3415
864657,2828
864657,707
864657,603
864657,4892
864657,1330
864657,3517
864657,508
864664,1215
864664,481
864667,480
864667,2035
864673,2880
864673,553
864673,4892
864673,1330
864673,3517
864673,508
864678,553
864678,4892
864678,1330
864678,3517
864678,508
864681,576
864689,707
864689,613
864744,3600
864744,1086
864744,3632
864744,3618
864744,4254
864744,4566
864744,2246
864744,5761
864744,575
864748,3600
864748,3603
864748,3596
864748,3598
864748,5627
864748,2506
864748,3415
864748,2828
864748,707
864750,4566
864750,2246
864750,5761
864750,575
864751,576
864751,5577
864752,1819
864754,2274
864754,3415
864754,2828
864754,603
864754,4892
864754,1330
864754,2815
864754,3891
864754,5626
864760,4570
864760,5296
864765,1330
864765,3517
864765,480
864765,2035
864765,350
864766,582
864766,5761
864766,575
864766,4892
864767,242
864767,1813
864767,212
864767,3547
864767,5288
864768,1963
864768,2863
864768,316
864768,3518
864768,1249
864768,5584
864768,3134
864769,3901
864769,304
864769,2531
864769,5167
864769,5155
864769,2479
864770,637
864770,5579
864770,212
864770,195
864770,179
864771,5297
864771,1151
864771,318
864771,3892
864771,27
864772,180
864772,5297
864772,240
864772,1175
864773,553
864773,4894
864773,5123
864773,3517
864773,480
864773,2527
864773,5523
864773,5692
864775,1901
864775,604
864775,708
864775,711
864775,3421
864775,2305
864775,2871
864776,5297
864776,4571
864776,3517
864777,5288
864777,271
864777,2863
864777,3518
864777,5456
864777,509
864777,3526
864777,5388
864777,546
864777,4893
864777,604
864777,708
864777,711
864777,3421
864777,2273
864777,2305
864777,5440
864777,2871
864782,5689
864782,2528
864782,481
864782,5457
864782,509
864782,3526
864782,546
864782,4895
864782,554
864783,1160
864783,5582
864783,651
864783,965
864783,3517
864783,508
864783,5460
864783,3514
864783,3901
864787,508
864787,3859
864787,859
864787,1218
864787,3892
864790,2274
864790,3415
864790,2828
864791,648
864791,656
864791,965
864791,1004
864791,1330
864791,3517
864791,480
864792,5423
864802,799
864802,1125
864802,3762
864802,114
864803,5167
864803,5155
864803,115
864803,3136
864804,242
864804,5167
864804,5155
864804,115
864804,3136
864805,5409
864805,3130
864805,116
864805,5424
864805,1142
864805,665
864806,4571
864806,869
864806,5123
864806,3517
864821,5681
864821,4125
864821,5689
864821,5716
864821,3514
864821,3519
864821,546
864821,856
864821,27
864828,1330
864828,3517
864828,480
864829,1330
864829,3517
864829,480
864829,2035
864829,350
864830,469
864830,5739
864830,1011
864830,547
864833,1160
864833,639
864833,3899
864833,1892
864833,604
864833,934
864833,1034
864833,1701
864833,5577
864836,4652
864836,637
864836,648
864836,5579
864836,212
864836,5296
864836,271
864837,242
864837,1813
864837,212
864837,3547
864837,5288
864837,271
864838,3892
864838,27
864840,26
864840,5423
864840,5716
864840,319
864840,2855
864840,5296
864841,281
864841,403
864841,3256
864842,3134
864842,5573
864842,5423
864842,3514
864842,317
864842,281
864842,403
864842,3256
864845,26
864845,3893
864847,5424
864847,5154
864847,5160
864847,240
864847,30
864847,305
864847,3900
864847,5639
864848,2479
864849,2274
864849,3415
864849,2828
864849,707
864849,613
864850,1248
864850,708
864850,711
864850,3421
864850,2305
864850,728
864851,180
864851,1142
864851,5582
864851,638
864852,637
864853,636
864853,818
864853,656
864853,242
864853,5296
864853,271
864855,480
864856,3134
864862,1151
864862,318
864862,3892
864862,27
864863,1151
864863,318
864863,3892
864863,27
864864,26
864864,5125
864864,5716
864864,319
864865,26
864865,5125
864865,5716
864865,319
864866,5296
864868,2869
864868,5297
864868,240
864868,1175
864870,3890
864870,480
864870,2527
864871,1249
864871,27
864873,26
864875,637
864876,5639
864877,4895
864878,26
864878,5423
864878,5523
864878,5692
864881,1248
864881,708
864881,711
864881,3421
864885,5297
864886,2899
864886,51
864886,2274
864886,3415
864886,2828
864886,707
864887,5296
864887,271
864887,2863
864889,5297
864889,1142
864892,2855
864892,1142
864893,1759
864893,116
864893,5424
864896,509
864896,3526
864896,546
864896,27
864898,26
864898,1330
864898,3517
864900,3892
864900,1249
864900,3134
864901,3134
864903,5424
864903,5154
864903,240
864903,1330
864903,3517
864903,508
864904,469
864904,5573
864904,5423
864904,5716
864904,5458
864904,3526
864904,547
864904,242
864904,5155
864906,3134
864906,5573
864906,5423
864906,5716
864906,5458
864906,3526
864906,547
864906,242
864906,5155
864906,2479
864907,5424
864907,2554
864908,509
864908,3526
864908,546
864908,613
864908,3895
864909,4652
864909,637
864911,128
864912,864
864912,3890
864912,3518
864912,5460
864914,3514
864914,396
864917,5432
864923,509
864923,3526
864926,5689
864926,2528
864926,481
864926,509
864926,3526
864926,547
864927,3890
864927,3518
864927,5460
864927,509
864927,3526
864927,2816
864927,814
864927,665
864928,1160
864928,5582
864928,651
864930,5459
864930,509
864930,3526
864930,547
864931,5459
864931,927
864932,927
864937,4825
864937,864
864938,4825
864938,864
864938,3890
864938,3526
864938,547
864940,4825
864940,864
864940,3890
864940,3526
864940,547
864942,508
864942,3859
864942,859
864942,1218
864942,3892
864951,5636
864951,2506
864951,3422
864951,2013
864951,761
864955,760
864955,757
864955,1230
864955,2711
864955,3419
864955,2375
864956,604
864956,708
864956,3422
864965,1817
864965,5626
864965,1963
864965,2855
864965,1142
864969,1817
864969,5626
864969,1963
864969,2855
864974,1897
864974,2034
864974,2583
864974,1614
864974,2817
864977,1603
864977,1497
864977,2818
864977,5310
864977,5114
864977,1586
864977,1868
864978,1603
864978,1497
864978,2818
864978,1534
864978,1418
864978,2033
864978,1628
864979,2356
864979,5180
864979,1586
864979,1396
864979,2033
864979,1750
864980,1751
864980,2031
864980,1869
864980,1582
864980,5179
864980,2355
864981,1534
864981,1418
864981,2033
864981,1472
864981,4899
864983,1573
864983,1501
864983,1580
864983,1418
864984,1548
864984,1420
864984,5310
864986,4250
864986,1581
864986,1502
864986,1572
864987,4250
864987,1419
864987,1547
864987,2536
864988,1548
864988,1420
864988,5310
864991,1497
864991,2818
864991,1534
864991,1418
864991,2031
864994,1603
864994,1497
864994,2818
864994,5310
864994,5114
864994,1586
864994,1868
864995,2820
864995,1496
864995,1604
864997,1680
864997,1582
864997,5115
864997,2817
864997,1496
864997,1604
865000,1573
865000,1501
865000,1580
865000,1418
865005,2356
865005,1501
865005,1580
865005,1418
865006,1679
865006,1580
865006,1418
865009,1582
865009,1578
865009,1544
865011,1531
865011,1408
865011,1542
865011,1579
865011,1583
865015,2356
865015,5180
865015,1586
865015,1868
865018,1869
865018,1582
865018,5179
865018,2355
865020,1407
865020,1532
865020,2818
865022,4250
865022,1581
865022,1502
865022,1572
865024,1541
865024,4684
865024,4572
865028,1573
865028,1501
865028,1580
865028,1544
865028,1397
865028,3858
865028,1491
865028,1548
865028,4897
865028,1869
865032,526
865032,538
865034,3884
865034,3415
865034,2828
865034,707
865034,603
865034,1900
865034,4892
865037,3720
865037,4529
865037,3600
865037,3603
865037,3596
865037,3598
865037,5627
865037,2506
865037,3415
865037,2828
865037,707
865037,1819
865046,526
865046,538
865048,1901
865048,604
865048,708
865048,711
865048,3422
865067,576
865067,5577
865067,3609
865067,2245
865067,3641
865067,4254
865067,3619
865067,3617
865067,1085
865067,3600
865072,638
865072,3124
865072,687
865072,2056
865072,5110
865072,5108
865073,637
865073,5108
865073,680
865073,5553
865073,5341
865074,5340
865074,5554
865074,1169
865074,5109
865074,1318
865074,642
865074,639
865074,1248
865075,1782
865075,638
865075,3124
865076,3123
865076,636
865077,46
865077,4647
865077,636
865077,3536
865077,4699
865078,638
865078,3124
865078,687
865078,2056
865078,5110
865078,5108
865078,5405
865079,5109
865079,5110
865079,686
865079,3123
865079,642
865079,636
865080,686
865080,3123
865080,636
865081,637
865081,5108
865081,680
865081,5553
865081,5341
865081,5674
865081,4954
865082,5675
865082,5340
865082,5554
865082,1169
865082,5109
865082,1318
865082,642
865082,639
865082,1248
865083,4728
865083,4521
865083,3123
865083,636
865084,46
865084,4521
865084,3123
865084,636
865085,4521
865085,3123
865085,636
865087,46
865087,4647
865087,636
865094,3933
865094,2863
865094,316
865094,5487
865094,613
865094,3895
865095,637
865095,648
865095,656
865095,965
865095,1004
865095,1330
865095,3517
865095,480
865096,2049
865096,5716
865096,3514
865096,3526
865096,546
865096,1248
865096,711
865096,3420
865097,757
865097,3415
865097,2828
865097,1819
865097,1330
865097,3517
865097,3518
865097,3894
865097,5523
865098,1249
865098,27
865099,115
865099,1139
865099,4803
865099,799
865099,1025
865100,91
865100,798
865100,4804
865100,114
865101,242
865101,212
865101,2479
865101,115
865101,1025
865101,3077
865102,3076
865102,1125
865102,116
865102,5424
865102,211
865102,4748
865103,116
865103,5424
865103,1142
865103,665
865104,3077
865104,180
865104,5476
865104,5288
865104,271
865104,281
865104,3782
865104,5571
865105,5626
865105,3781
865105,2861
865105,1149
865105,5274
865105,5475
865105,179
865105,3076
865106,3517
865106,3518
865106,1218
865106,3894
865106,5523
865106,5692
865108,5569
865108,349
865108,1215
865108,481
865109,518
865109,5740
865109,2955
865109,3134
865110,1901
865110,613
865110,3895
865111,4652
865111,637
865111,648
865111,5579
865111,212
865111,5296
865111,271
865111,281
865111,812
865112,3182
865112,2861
865112,1149
865112,5614
865112,5297
865112,1142
865112,5582
865112,639
865112,3895
865113,5274
865113,1759
865113,211
865113,240
865114,3412
865114,3547
865114,5297
865114,1151
865114,305
865114,3891
865114,5432
865115,3218
865115,5424
865115,5154
865115,5160
865115,240
865115,30
865115,305
865115,3900
865115,5639
865116,2274
865116,3415
865116,2828
865116,707
865116,1819
865116,1289
865116,2028
865116,5167
865116,5155
865116,212
865116,3547
865117,1759
865117,1142
865117,5154
865117,5162
865117,1176
865117,1178
865117,1248
865117,708
865117,711
865117,3421
865117,2305
865117,728
865118,180
865118,1142
865118,5582
865118,638
865119,2274
865119,3415
865119,2828
865119,707
865119,613
865119,4652
865119,638
865119,700
865120,5571
865120,3890
865120,480
865120,3134
865121,3412
865121,1306
865121,2863
865121,3900
865121,2527
865122,2528
865122,481
865122,3891
865122,3933
865122,3182
865122,2855
865122,1174
865122,1142
865122,2172
865122,675
865122,5108
865123,636
865123,818
865123,964
865123,5469
865123,493
865123,494
865123,3900
865123,5639
865124,3901
865124,952
865124,1782
865124,638
865125,3893
865125,481
865125,3526
865125,4895
865125,554
865126,3421
865126,2275
865127,2049
865127,5716
865127,3514
865127,870
865127,4570
865127,5296
865127,5278
865127,184
865127,179
865127,188
865128,187
865128,180
865128,5297
865128,4571
865128,869
865128,2815
865128,3518
865128,3894
865128,5523
865129,891
865129,3547
865129,5288
865129,271
865129,2863
865130,3526
865130,2816
865130,4570
865130,5296
865131,2816
865131,952
865131,1782
865131,4894
865131,3517
865132,509
865132,3526
865132,5388
865132,841
865132,2029
865132,1313
865132,1248
865132,2594
865132,934
865133,935
865133,707
865133,611
865133,1819
865133,1312
865133,2028
865133,1330
865133,3517
865133,508
865133,5456
865134,3008
865134,891
865134,1138
865134,3412
865134,211
865134,240
865134,3518
865134,5458
865134,509
865134,3526
865134,546
865134,27
865135,26
865135,1330
865135,3517
865135,508
865135,5458
865135,3514
865135,242
865135,212
865135,1251
865135,2999
865136,509
865136,3526
865136,841
865136,2029
865136,1313
865136,637
865136,5467
865137,1312
865137,2028
865137,3517
865137,508
865137,5456
865138,4652
865138,1819
865138,1330
865138,3517
865138,508
865138,5456
865138,3514
865138,1154
865138,5296
865138,1759
865138,15
865139,16
865139,198
865139,3547
865139,5297
865139,1151
865139,494
865139,3518
865139,5456
865139,509
865139,3526
865139,546
865139,613
865139,3895
865140,636
865140,818
865140,3517
865140,508
865140,5460
865140,3514
865140,1000
865140,5626
865141,864
865141,3890
865141,3518
865141,5460
865141,509
865141,3526
865141,2816
865141,1782
865141,638
865142,636
865142,818
865142,3517
865142,508
865142,5460
865142,3514
865142,396
865143,864
865143,3890
865143,3518
865143,5460
865143,509
865143,3526
865143,2816
865143,1782
865143,638
865144,977
865144,818
865144,964
865144,5469
865145,757
865145,1230
865145,3415
865145,2828
865145,707
865145,1819
865145,1312
865145,2028
865145,1330
865145,3517
865145,508
865145,5461
865145,3514
865145,2816
865145,1154
865145,281
865146,1151
865146,494
865146,2815
865146,3518
865146,5456
865146,509
865146,3526
865146,841
865146,2029
865146,1313
865146,1248
865146,708
865146,711
865146,3422
865147,2880
865147,553
865147,4892
865147,1330
865147,3517
865147,508
865147,5459
865147,3514
865147,242
865147,212
865147,129
865147,1251
865148,891
865148,1138
865148,211
865148,240
865148,5459
865148,509
865148,3526
865148,546
865148,4895
865148,554
865148,2880
865149,553
865149,4892
865149,1330
865149,3517
865149,508
865149,5457
865149,480
865149,2527
865149,5692
865149,5686
865150,3890
865150,3518
865150,5460
865150,509
865150,3526
865150,2816
865150,814
865150,665
865151,1233
865151,5459
865151,509
865151,3526
865151,841
865151,1176
865151,5425
865151,576
865151,5577
865152,5761
865152,575
865152,977
865152,2028
865152,1330
865152,3517
865152,5459
865152,927
865153,3891
865153,396
865153,4827
865153,5522
865153,4881
865153,4878
865155,5758
865155,5759
865155,5753
865156,3899
865156,1819
865156,2815
865156,317
865156,281
865156,3934
865158,3895
865159,2274
865159,3415
865159,2828
865159,603
865159,4892
865159,1330
865159,2815
865160,1188
865160,711
865160,3421
865160,2305
865161,637
865162,638
865163,481
865163,3526
865163,814
865163,1175
865165,26
865166,5716
865166,3514
865166,3526
865166,546
865166,1248
865166,711
865166,3420
865171,115
865171,1139
865171,4803
865171,799
865171,1025
865172,91
865172,798
865172,4804
865172,114
865173,3076
865173,1125
865173,116
865173,5424
865173,211
865173,4748
865174,3076
865174,1125
865174,116
865174,5424
865175,3076
865176,3076
865176,1125
865176,116
865176,5424
865176,211
865176,4748
865177,3076
865177,1125
865177,116
865177,5424
865178,242
865178,212
865178,2479
865178,115
865178,1025
865178,3077
865179,2479
865179,115
865179,1025
865179,3077
865180,1125
865180,3762
865180,114
865180,5154
865180,5160
865180,4748
865181,115
865181,3136
865182,1160
865182,212
865183,116
865183,5424
865185,4571
865185,869
865185,5123
865185,3517
865186,3526
865186,5575
865186,4570
865188,3077
865188,180
865188,5476
865188,5297
865190,5626
865190,2861
865190,1149
865191,3077
865191,180
865191,5476
865191,5288
865191,271
865191,281
865191,5571
865192,5626
865192,2861
865192,1149
865192,5274
865192,5475
865192,179
865192,3076
865193,3077
865193,180
865193,5476
865193,5288
865193,271
865193,281
865193,5571
865195,5466
865195,5626
865195,2861
865195,1149
865195,5274
865195,5475
865195,179
865195,3076
865197,3077
865197,180
865197,5476
865197,5288
865197,271
865197,281
865197,5571
865197,5466
865198,5466
865198,5626
865198,3781
865198,2861
865198,1149
865198,5274
865198,5475
865198,179
865198,3076
865199,5466
865199,5626
865199,2861
865199,1149
865199,5274
865199,5475
865199,179
865199,3076
865200,5296
865200,271
865200,281
865200,3782
865200,5571
865200,5466
865201,5274
865201,5475
865201,179
865201,3076
865202,3517
865202,3518
865202,1218
865202,3894
865202,5523
865202,5692
865202,5680
865203,5681
865203,4125
865203,5689
865203,5716
865203,3514
865203,3519
865203,547
865205,3517
865205,3518
865205,1218
865205,3894
865205,5692
865206,3517
865206,3518
865206,1218
865206,3894
865206,5523
865206,5692
865206,5680
865209,642
865209,636
865209,1312
865209,1176
865210,2172
865210,675
865211,1330
865211,3517
865211,480
865211,347
865211,2666
865211,4401
865212,1330
865212,3517
865212,480
865212,347
865212,2666
865212,4401
865212,864
865213,1215
865213,481
865214,348
865215,481
865217,481
865218,1330
865218,3517
865218,480
865220,5739
865220,1011
865221,1901
865221,613
865222,27
865224,3895
865226,1160
865226,639
865226,3899
865226,1892
865226,604
865226,934
865226,5577
865227,1160
865227,639
865227,3899
865227,1892
865227,604
865227,934
865227,2117
865227,5577
865229,648
865229,5600
865229,665
865230,5761
865230,1189
865230,935
865230,707
865230,613
865230,4652
865230,637
865230,644
865232,576
865232,5577
865237,952
865237,1782
865239,240
865240,5274
865240,1759
865240,211
865240,240
865241,818
865241,5469
865242,5274
865242,1759
865242,5412
865242,1142
865243,26
865243,5423
865244,5297
865245,1963
865246,1963
865246,2863
865246,316
865246,3518
865246,1249
865248,5423
865248,3514
865248,317
865248,281
865248,403
865249,3134
865249,5573
865249,5423
865249,3514
865249,317
865249,281
865249,403
865249,5439
865250,469
865250,5573
865251,396
865251,3890
865251,304
865251,2855
865252,3890
865252,304
865253,3412
865253,3547
865253,5297
865253,1151
865253,305
865253,3891
865253,5432
865255,1151
865255,305
865255,3891
865256,1151
865256,305
865256,3891
865258,5639
865259,3547
865260,1759
865260,1142
865260,5154
865260,5162
865260,1176
865260,1178
865260,613
865261,5167
865261,5155
865261,212
865261,3547
865262,1176
865262,1178
865262,1248
865262,708
865262,711
865262,3421
865262,2305
865262,728
865263,638
865264,638
865264,700
865265,4652
865265,636
865265,818
865265,656
865265,242
865265,5296
865265,271
865265,5439
865266,636
865266,818
865266,656
865266,242
865266,5296
865266,271
865267,5571
865267,3890
865267,480
865267,3134
865268,5571
865268,3890
865268,480
865268,3134
865269,3134
865270,5571
865270,3890
865270,480
865276,3134
865276,481
865276,3891
865276,5625
865277,1151
865277,318
865277,3892
865277,27
865279,242
865279,5296
865279,2492
865281,180
865281,5297
865281,240
865281,1175
865284,3901
865284,952
865284,1782
865284,638
865286,636
865286,818
865286,964
865286,5469
865286,493
865286,494
865286,3900
865286,5639
865287,3901
865287,952
865287,1782
865287,638
865289,553
865290,2331
865290,2528
865290,481
865290,3526
865290,4893
865291,603
865291,4894
865291,5123
865291,3517
865291,480
865291,2527
865291,5523
865291,5692
865292,3421
865292,2275
865293,1248
865293,708
865293,711
865294,604
865294,708
865295,2049
865296,187
865296,180
865296,5297
865297,5296
865297,5278
865297,179
865297,188
865300,2871
865301,603
865301,4892
865303,284
865303,2861
865303,1149
865303,5297
865304,3514
865304,3526
865304,2816
865304,4570
865304,5296
865305,2816
865305,952
865305,1782
865305,4894
865305,3517
865306,1782
865306,4894
865306,3517
865309,2899
865309,55
865309,5440
865309,2274
865309,2304
865309,3415
865309,2828
865309,707
865309,603
865309,4892
865309,1330
865309,3517
865309,508
865311,2861
865311,5439
865311,1149
865311,5274
865313,3008
865313,891
865313,1138
865313,3412
865313,211
865313,240
865313,3518
865314,3008
865314,891
865314,1138
865314,3412
865314,211
865314,240
865314,3518
865315,1138
865315,3412
865315,211
865315,240
865316,3514
865316,242
865316,212
865316,1251
865316,2999
865317,509
865317,3526
865317,841
865317,2029
865317,1313
865317,637
865318,1312
865318,2028
865318,3517
865318,508
865318,5456
865319,509
865319,3526
865319,841
865319,2029
865319,1313
865319,637
865322,5424
865322,5154
865322,240
865324,5716
865324,5458
865324,3526
865324,547
865324,242
865324,5155
865324,2479
865326,16
865326,198
865326,3547
865326,5297
865326,1151
865326,494
865326,3518
865327,636
865327,818
865327,3517
865327,508
865327,5460
865327,3514
865329,3517
865329,508
865329,5460
865329,3514
865329,1000
865329,5626
865330,864
865330,3890
865330,3518
865330,5460
865330,509
865330,3526
865330,2816
865330,1782
865330,638
865331,636
865331,818
865331,3517
865331,508
865331,5460
865332,636
865332,818
865332,3517
865332,508
865332,5460
865332,3514
865334,509
865334,3526
865334,2816
865334,1782
865334,638
865335,864
865335,3890
865335,3518
865335,5460
865335,509
865335,3526
865335,2816
865335,1782
865335,638
865336,509
865336,3526
865336,2816
865336,1782
865336,638
865337,1215
865337,481
865338,3802
865338,5297
865338,3517
865338,508
865338,5457
865338,480
865338,2035
865339,3802
865339,5297
865339,3517
865339,508
865340,1215
865340,481
865341,1215
865341,481
865342,3901
865342,315
865342,1782
865342,641
865343,977
865343,818
865343,964
865343,5469
865344,818
865344,964
865344,5469
865345,494
865346,757
865346,1230
865346,3415
865346,2828
865346,707
865346,1819
865346,1312
865346,2028
865346,1330
865346,3517
865346,508
865346,5461
865346,3514
865346,2816
865346,1154
865346,281
865348,757
865348,1230
865348,3415
865348,2828
865348,707
865348,1819
865348,1312
865348,2028
865348,1330
865348,3517
865348,508
865350,757
865350,1230
865350,3421
865350,707
865350,613
865350,637
865353,3008
865353,891
865353,1138
865353,211
865353,240
865357,5692
865357,5686
865358,603
865358,1061
865358,554
865362,1233
865362,5459
865362,509
865363,1233
865363,5459
865363,509
865363,3526
865363,547
865364,5761
865364,575
865364,977
865364,2028
865364,1330
865364,3517
865364,5459
865365,5761
865365,575
865365,977
865365,2028
865365,1330
865365,3517
865365,5459
865365,927
865365,3581
865366,5761
865369,5761
865369,707
865369,613
865370,3891
865370,396
865370,4827
865370,4880
865374,1330
865374,5123
865375,4873
865375,4875
865375,5413
865375,4825
865375,864
865375,3890
865375,547
865376,4873
865376,4875
865376,5413
865376,4825
865376,864
865386,1249
865386,27
865387,115
865387,1139
865387,4803
865387,799
865387,1025
865388,91
865388,798
865388,4804
865388,114
865389,242
865389,212
865389,2479
865389,115
865389,1025
865389,3077
865390,3076
865390,1125
865390,116
865390,5424
865390,211
865390,4748
865391,3077
865391,180
865391,5476
865391,5288
865391,271
865391,281
865391,3782
865391,5571
865392,5626
865392,3781
865392,2861
865392,1149
865392,5274
865392,5475
865392,179
865392,3076
865393,3517
865393,3518
865393,1218
865393,3894
865393,5523
865393,5692
865395,3008
865395,891
865395,1138
865395,3412
865395,211
865395,240
865395,3518
865395,5458
865395,509
865395,3526
865395,546
865395,27
865396,26
865396,1330
865396,3517
865396,508
865396,5458
865396,3514
865396,242
865396,212
865396,1251
865396,2999
865397,553
865397,4892
865397,1330
865397,3517
865397,508
865397,5457
865397,480
865397,2527
865397,5692
865397,5686
865398,4125
865398,5689
865398,5700
865398,5220
865399,5218
865399,5221
865399,5705
865399,5692
865399,5686
865400,3891
865400,396
865400,4827
865400,5522
865400,4881
865400,4878
865401,4873
865401,4875
865401,5413
865401,4825
865401,864
865402,1239
865402,281
865402,403
865402,5625
865402,1816
865402,5522
865402,4881
865402,4878
865403,4873
865403,4875
865403,5413
865403,1817
865403,5626
865403,1963
865403,2855
865403,1142
865404,115
865404,1139
865404,4803
865404,799
865404,1025
865405,91
865405,798
865405,4804
865405,114
865406,3076
865406,1125
865406,116
865406,5424
865406,211
865406,4748
865408,3076
865409,3076
865409,1125
865409,116
865409,5424
865409,211
865409,4748
865410,3076
865410,1125
865410,116
865410,5424
865411,242
865411,212
865411,2479
865411,115
865411,1025
865411,3077
865412,2479
865412,115
865412,1025
865412,3077
865413,3077
865413,180
865413,5476
865413,5288
865413,271
865413,281
865413,3782
865413,5571
865414,3077
865414,180
865414,5476
865414,5297
865415,5626
865415,3781
865415,2861
865415,1149
865415,5274
865415,5475
865415,179
865415,3076
865416,3077
865416,180
865416,5476
865416,5288
865416,271
865416,281
865416,5571
865417,5626
865417,2861
865417,1149
865417,5274
865417,5475
865417,179
865417,3076
865421,3077
865421,180
865421,5476
865421,5288
865421,271
865421,281
865421,3782
865421,5571
865421,5466
865422,3077
865422,180
865422,5476
865422,5288
865422,271
865422,281
865422,5571
865422,5466
865423,5466
865423,5626
865423,3781
865423,2861
865423,1149
865423,5274
865423,5475
865423,179
865423,3076
865424,5466
865424,5626
865424,2861
865424,1149
865424,5274
865424,5475
865424,179
865424,3076
865425,5274
865425,5475
865425,179
865425,3076
865426,3517
865426,3518
865426,1218
865426,3894
865426,5523
865426,5692
865426,5680
865427,3517
865427,3518
865427,1218
865427,3894
865427,5692
865428,3517
865428,3518
865428,1218
865428,3894
865428,5523
865428,5692
865428,5680
865429,26
865429,3894
865429,5523
865429,5692
865430,1330
865430,3517
865430,480
865430,347
865430,2666
865430,4401
865431,1330
865431,3517
865431,480
865431,347
865431,2666
865431,4401
865431,864
865432,5571
865432,3890
865432,480
865432,3134
865433,5571
865433,3890
865433,480
865433,3134
865435,5571
865435,3890
865436,5571
865436,3890
865437,3134
865437,481
865437,3891
865437,5625
865438,604
865438,708
865438,3419
865439,3008
865439,891
865439,1138
865439,3412
865439,211
865439,240
865439,3518
865441,3514
865441,242
865441,212
865441,1251
865441,2999
865443,5692
865443,5686
865444,5686
865448,5626
865448,1963
865448,3182
865448,2861
865448,1149
865448,5297
865448,1142
865448,5582
865449,644
865450,281
865450,403
865450,5571
865451,3891
865451,396
865451,4827
865451,4880
865452,3891
865452,396
865452,4827
865452,5522
865452,4881
865452,4878
865453,3891
865453,396
865453,4827
865453,4880
865454,4873
865454,4875
865454,5413
865454,4825
865454,864
865454,3890
865454,547
865455,4873
865455,4875
865455,5413
865455,4825
865455,864
865456,1239
865456,281
865456,403
865456,5625
865456,1816
865456,4880
865457,281
865457,403
865457,5625
865457,1816
865457,4880
865458,4873
865458,4875
865458,5413
865458,1817
865458,5626
865458,1963
865458,2855
865461,576
865461,5577
865462,582
865462,5761
865462,575
865462,4892
865465,1534
865465,1418
865465,2033
865465,1472
865465,4899
865466,4898
865466,1547
865468,1542
865468,3523
865468,1548
865468,4899
865469,1542
865469,3523
865469,1419
865469,1547
865469,2536
865470,1497
865470,2818
865470,1534
865470,1418
865470,2031
865471,1680
865471,1582
865471,5115
865471,2817
865471,1496
865471,1604
865472,1396
865472,2034
865472,1417
865472,5437
865472,1397
865473,1573
865473,1501
865473,1580
865473,1419
865473,1471
865473,4899
865474,1629
865474,2034
865474,1417
865474,1533
865474,2817
865474,1496
865474,1604
865475,1407
865475,1532
865475,2818
865475,4684
865475,1679
865475,1502
865475,1572
865476,3908
865476,1461
865476,1398
865476,1541
865476,1581
865476,1502
865476,2355
865477,1897
865477,2034
865477,1417
865477,5437
865477,1541
865477,4684
865477,4572
865479,1573
865479,1501
865479,1580
865479,1544
865479,1397
865479,3858
865479,1491
865479,1548
865479,4897
865479,1869
865479,1587
865481,1869
865482,1868
865484,4896
865484,1470
865484,1420
865484,5437
865485,2818
865485,3523
865485,1419
865485,1471
865485,4899
865486,1548
865486,1420
865486,1533
865487,1548
865487,1420
865487,5437
865488,1573
865488,1501
865488,1580
865488,1533
865489,1573
865489,1501
865489,1580
865489,1419
865489,1547
865490,1548
865490,1420
865490,1581
865490,1502
865490,1572
865491,1534
865491,1419
865491,1547
865491,2536
865492,1542
865494,1408
865494,1542
865494,3523
865494,1548
865494,4899
865495,3523
865495,1548
865495,4899
865496,1548
865496,1420
865496,5437
865497,1408
865497,1542
865497,3523
865497,1419
865497,1547
865497,2536
865498,1897
865498,2034
865498,2583
865498,1614
865498,2817
865499,1897
865499,2034
865499,2583
865499,1614
865499,2817
865501,1497
865501,2818
865501,5310
865501,5114
865501,1586
865501,1868
865502,1869
865503,1680
865503,1582
865503,5115
865503,2817
865504,1603
865504,1497
865505,2820
865505,5310
865505,5114
865505,1586
865505,1868
865509,1629
865509,2034
865509,1417
865509,5437
865509,1397
865511,1534
865511,1581
865511,1502
865511,1572
865512,4250
865512,1581
865512,1502
865512,1572
865513,1897
865514,1534
865514,1418
865514,2031
865515,1408
865515,1542
865515,1418
865515,2031
865516,1629
865516,4896
865516,1420
865516,5437
865517,1629
865517,4896
865517,1420
865517,5437
865518,1581
865518,1502
865518,2355
865521,1582
865521,1578
865521,1544
865521,1407
865521,1532
865522,1541
865522,1579
865522,1583
865523,1586
865524,1578
865524,1544
865524,1397
865525,1398
865525,1541
865525,1579
865525,1583
865526,1582
865526,1578
865526,1544
865526,1397
865527,1398
865527,1541
865527,1579
865527,1583
865528,1629
865528,2034
865528,1417
865528,1533
865528,2817
865529,1496
865529,1604
865530,2356
865530,5180
865530,1595
865530,1616
865530,1533
865533,2356
865533,5180
865533,1578
865533,1565
865535,1564
865535,1579
865535,5179
865535,2355
865537,1407
865537,1532
865538,2820
865538,1531
865538,1408
865539,1541
865539,1581
865539,1502
865539,2355
865540,1635
865540,4685
865540,1544
865540,3523
865540,1418
865540,2031
865541,1897
865541,2034
865541,1417
865541,5437
865542,3523
865542,1418
865542,2031
865542,1495
865543,1573
865543,5180
865543,5115
865545,1573
865545,1501
865545,1580
865545,1544
865545,1397
865545,3858
865545,1491
865545,1548
865545,4897
865545,1869
865549,1573
865549,1501
865549,1580
865549,1544
865549,1397
865550,1397
865550,3858
865550,1491
865550,1548
865550,4897
865550,1869
865550,1587
865553,1573
865553,1501
865553,1580
865553,1418
865555,3523
865555,1419
865555,4897
865556,3384
865556,1581
865556,1387
865557,1601
865558,2034
865558,1417
865558,1581
865558,1387
865559,3384
865559,1581
865559,1387
865560,3522
865560,1419
865560,4897
865561,1396
865561,2033
865561,1750
865562,4898
865562,1547
865562,3524
865563,2033
865563,1750
865564,1532
865564,2818
865564,4684
865564,1679
865564,1502
865564,1572
865565,1407
865565,1532
865565,2818
865565,1534
865566,1573
865566,5180
865566,1583
865567,4898
865567,1547
865567,3857
865567,1398
865567,1541
865567,1581
865567,1502
865567,1572
865568,4898
865568,1547
865568,3857
865568,1398
865568,1541
865568,1581
865568,1502
865568,1572
865569,3514
865569,508
865569,480
865569,347
865569,2666
865569,4389
865569,4825
865569,4738
865570,4288
865570,4300
865570,4754
865570,4285
865570,4283
865570,1217
865570,357
865570,2527
865571,4747
865571,4460
865571,4114
865571,4457
865571,3410
865572,180
865572,5476
865573,5587
865573,4400
865573,2665
865573,4280
865573,1934
865573,4278
865573,4754
865573,4287
865574,4291
865574,4277
865574,1933
865574,4279
865574,2666
865574,4401
865574,5588
865574,335
865575,5288
865575,5613
865575,4634
865575,4478
865575,4707
865575,4467
865576,4492
865576,4429
865576,4479
865576,5635
865576,5614
865576,5274
865577,389
865577,5625
865577,1816
865577,375
865577,4413
865578,376
865578,1817
865578,5571
865578,388
865579,4429
865579,4464
865579,4457
865579,3410
865580,4288
865580,4300
865580,4754
865580,4285
865580,4283
865580,1217
865580,357
865580,2527
865581,4285
865581,4283
865581,1217
865581,357
865581,2527
865582,4747
865582,4462
865582,4678
865582,4480
865582,4710
865582,4114
865582,4457
865582,3410
865583,4387
865583,180
865583,5476
865584,4813
865584,4387
865584,180
865584,5476
865585,4813
865585,4387
865585,180
865585,5476
865586,4387
865586,180
865586,5476
865587,180
865587,5476
865588,5587
865588,4400
865588,2665
865588,4280
865588,1934
865588,4278
865588,4754
865588,4287
865588,4288
865589,4276
865589,4291
865589,4277
865589,1933
865589,4279
865589,2666
865589,4401
865589,5588
865589,335
865590,5587
865590,4400
865590,2665
865590,4280
865590,1934
865590,4278
865591,5587
865591,4400
865591,2665
865591,4280
865591,1934
865591,4278
865592,4277
865592,1933
865592,4279
865592,2666
865592,4401
865592,5588
865592,335
865594,4747
865594,4429
865594,4479
865594,5635
865594,5614
865594,5274
865595,4429
865595,4479
865595,5635
865595,5614
865595,5274
865596,4492
865596,4429
865596,4479
865596,5635
865596,5614
865596,5274
865597,4747
865597,4429
865597,4479
865597,5635
865597,5614
865597,5274
865598,4496
865598,4490
865598,4745
865598,4429
865598,4464
865598,4457
865598,3410
865602,4492
865602,4745
865602,4429
865602,4479
865602,4633
865602,271
865602,3757
865603,539
865603,527
865604,4254
865604,4566
865604,2246
865604,3608
865604,4432
865604,3415
865604,2828
865604,707
865604,603
865604,1900
865605,616
865605,1248
865605,1188
865605,708
865605,711
865605,3419
865605,735
865605,5628
865605,3599
865605,3597
865605,3604
865605,5764
865605,4528
865605,3720
865606,2934
865607,616
865607,1248
865607,1188
865607,708
865607,711
865607,3419
865607,735
865607,2279
865607,5628
865607,3599
865607,3597
865607,3604
865607,1086
865607,3618
865607,4555
865607,3629
865607,3692
865607,4526
865608,3615
865608,749
865608,3665
865608,3663
865608,1083
865608,4539
865608,3707
865608,1703
865608,3670
865608,3683
865608,2106
865608,727
865608,2274
865608,3415
865608,2828
865608,707
865608,612
865609,3647
865609,3649
865609,3653
865609,3044
865609,2899
865609,51
865609,716
865609,2274
865609,3420
865609,5592
865609,4566
865609,4256
865609,2115
865610,4255
865610,2934
865610,5585
865610,757
865610,3421
865610,2305
865610,2177
865610,2871
865610,3652
865610,3646
865610,3645
865611,4936
865611,1993
865611,5119
865611,4443
865611,2745
865611,5761
865611,575
865612,4971
865612,4865
865612,4442
865612,4918
865612,2745
865612,5761
865612,575
865613,4552
865613,3024
865613,3026
865613,4566
865613,2246
865613,3608
865613,4432
865613,3415
865613,2828
865613,707
865613,606
865613,603
865614,539
865614,527
865615,3272
865615,539
865615,527
865616,4254
865616,4566
865616,2246
865616,3608
865616,4432
865616,3415
865616,2828
865616,707
865616,603
865616,1900
865617,1188
865617,708
865617,711
865617,3419
865617,735
865617,5628
865617,3599
865617,3597
865617,3604
865617,5764
865617,4528
865617,3720
865618,616
865618,1248
865618,708
865618,711
865618,3419
865618,735
865618,2279
865618,5628
865618,3599
865618,3597
865618,3604
865618,1086
865618,3632
865618,4254
865620,708
865620,711
865620,3419
865620,735
865620,2279
865620,5628
865620,3599
865620,3597
865620,3604
865620,1086
865620,3632
865620,4254
865622,3615
865622,749
865622,3665
865622,3663
865622,1083
865622,4539
865622,3707
865622,1703
865622,3668
865622,1979
865622,3670
865622,3683
865622,2106
865622,727
865622,2274
865622,3415
865622,2828
865622,707
865622,612
865623,3615
865623,749
865623,3665
865623,3663
865623,1083
865623,4539
865623,3707
865623,1703
865623,3668
865623,1979
865623,3670
865623,3683
865623,3720
865623,2106
865623,727
865623,2274
865623,3415
865623,2828
865623,707
865623,612
865624,1082
865624,3710
865624,3707
865624,1703
865624,3670
865624,3683
865624,2106
865624,727
865624,2274
865624,3415
865624,2828
865624,707
865624,612
865625,1082
865625,3710
865625,3707
865625,1703
865625,3670
865625,3683
865625,3720
865625,2106
865625,727
865625,2274
865625,3415
865625,2828
865625,707
865625,612
865627,3420
865627,5592
865627,4566
865627,4256
865627,2115
865628,4255
865628,2934
865628,5585
865628,757
865628,3415
865629,4936
865629,1993
865629,5119
865629,4930
865629,4443
865629,2745
865629,5761
865629,575
865630,576
865630,5577
865630,2746
865632,4971
865632,4865
865632,4442
865632,4919
865632,2745
865632,5761
865632,575
865634,2745
865634,5761
865634,575
865637,1188
865637,708
865637,711
865637,3419
865637,2279
865637,5628
865637,3599
865637,3597
865637,3604
865637,5762
865637,749
865637,3665
865637,3663
865637,1083
865638,1200
865638,3662
865638,3664
865638,1204
865638,3600
865638,3603
865638,3596
865638,3598
865638,5627
865638,2506
865638,3415
865638,2828
865638,707
865639,4979
865639,4442
865639,3370
865639,3272
865639,539
865639,4664
865639,838
865640,3419
865640,5628
865640,3599
865640,4559
865641,4552
865641,3024
865641,3026
865641,2934
865641,5585
865641,3884
865641,2711
865641,3196
865641,3415
865641,2828
865641,707
865641,612
865642,708
865642,711
865642,3419
865642,735
865642,2279
865642,5628
865642,3599
865642,3597
865642,3604
865642,3600
865644,576
865644,5577
865644,2245
865644,3641
865644,4254
865644,3619
865644,1085
865644,5762
865644,3663
865644,1083
865644,4539
865645,1200
865645,3662
865645,3600
865645,1086
865645,3618
865645,4254
865645,4566
865645,2246
865645,5761
865645,575
