variant_id,is_main,equiv_main_variant_id,join_stop_id,disjoin_stop_id
851929,1,,,
852296,0,865602,,
852622,1,,,
852665,0,,,
852830,0,,,
852962,0,,,
853461,1,,,
853476,0,,,
853596,1,,,
853598,1,,,
853605,0,,,
853612,0,,,
853634,0,,,
853638,0,,,
853877,1,,,
854085,0,865602,,
854497,0,,,
854611,0,862954,,
854641,0,865602,,
854695,0,865602,,
854725,0,862954,,
854752,0,,,
854790,0,862954,,
854795,0,,,
854946,0,865602,,
854958,0,,,
855219,1,,,
855334,0,865602,,
855380,0,862954,,
855498,0,,,
855581,1,,,
855582,1,,,
855793,0,,,
855794,0,,,
855795,0,865602,,
855892,0,,,
856137,1,,,
856138,1,,,
856139,1,,,
856149,0,,,
856150,0,,,
856154,0,,,
856155,0,,,
856156,0,,,
856158,0,,,
856168,0,,,
856402,0,,,
856825,0,865602,,
856848,0,,,
856885,1,,,
857431,0,,,
857509,0,,,
857510,0,,,
857519,0,,,
857528,0,862954,,
857538,0,862954,,
857613,0,865602,,
857856,1,,,
857886,1,,,
857887,1,,,
857893,0,,,
857894,0,,,
857895,0,,,
857896,0,,,
857957,1,,,
858689,0,,,
858690,0,,,
858691,0,,,
858692,0,,,
858694,0,,,
858733,1,,,
858759,0,,,
858835,1,,,
858930,0,862954,,
858931,0,865602,,
859007,1,,,
859064,0,865602,,
859084,0,862954,,
859095,0,865602,,
859188,0,865602,,
859266,1,,,
859359,0,862954,,
859373,0,862954,,
859374,0,,,
859376,0,,,
859406,1,,,
859667,0,862954,,
859825,1,,,
859864,0,862954,,
859867,0,862954,,
859889,0,862954,,
859890,0,865602,,
859904,0,862954,,
859906,0,862954,,
859907,0,862954,,
859948,0,,,
859956,0,,,
859964,0,862954,,
860007,0,,,
860082,0,865602,,
860512,0,,,
860513,0,,,
860514,0,,,
860648,1,,,
860649,1,,,
860714,0,865602,,
860718,0,865602,,
860720,0,862954,,
860721,0,862954,,
860746,0,862954,,
860768,0,,,
860769,0,865602,,
860770,0,862954,,
860811,0,865602,,
860812,0,862954,,
860878,0,,,
860891,0,,,
860906,0,865602,,
860907,0,862954,,
860909,0,865602,,
861065,0,865602,,
861158,0,865602,,
861218,0,862954,,
861252,1,,,
861264,1,,,
861327,0,862954,,
861353,0,862954,,
861354,0,,,
861357,0,865602,,
861361,0,865602,,
861364,0,,,
861365,0,,,
861366,0,862954,,
861367,0,862954,,
861398,0,862954,,
861399,0,865602,,
861410,0,865602,,
861436,0,865602,,
861533,1,,,
861547,1,,,
861557,1,,,
861559,1,,,
861561,1,,,
861600,0,865602,,
861601,0,865602,,
861625,0,862954,,
861626,0,865602,,
861628,0,865602,,
861633,0,865602,,
861664,0,865602,,
861697,0,862954,,
861702,0,862954,,
861846,0,865602,,
861861,0,865602,,
861872,0,862954,,
861878,0,865602,,
861935,0,865602,,
861976,0,,,
861978,0,,,
861979,0,,,
861987,0,,,
862022,0,865602,,
862049,0,865602,,
862070,1,,,
862082,1,,,
862086,1,,,
862118,0,865602,,
862139,0,865602,,
862140,0,862954,,
862145,0,,,
862147,0,865602,,
862161,0,865602,,
862162,0,,,
862164,0,862954,,
862167,0,862954,,
862171,0,,,
862172,0,,,
862196,0,,,
862216,1,,,
862314,0,,,
862332,0,,,
862337,0,,,
862339,0,,,
862358,0,,,
862369,1,,,
862376,1,,,
862398,0,865602,,
862499,0,865602,,
862530,0,862954,,
862711,1,,,
862713,1,,,
862724,1,,,
862725,1,,,
862726,1,,,
862733,1,,,
862738,1,,,
862742,0,,,
862743,0,,,
862744,0,862954,,
862787,0,862954,,
862797,0,862954,,
862798,0,862954,,
862799,0,,,
862803,0,865602,281,
862807,0,,,
862816,0,,,
862817,0,865602,,
862819,0,,,
862831,0,,,
862832,0,865602,,
862837,0,862954,,
862838,0,,,
862839,0,,,
862840,0,865602,,
862845,0,,,
862850,0,862954,,
862866,0,,,
862882,0,865602,,
862883,0,862954,,
862901,1,,,
862919,0,,,
862936,0,,,
862938,0,,,
862954,1,,,
862984,0,,,
862989,0,862954,,
863004,0,865602,,
863025,0,865602,,
863031,0,,,
863045,0,,,
863046,0,,,
863048,0,,,
863050,0,865602,,
863084,1,,,
863085,1,,,
863091,1,,,
863095,1,,,
863096,1,,,
863100,1,,,
863147,0,862954,,
863148,0,865602,,
863149,0,862954,,
863150,0,865602,,
863151,0,865602,,
863152,0,865602,,
863156,0,865602,,
863161,0,862954,,
863171,0,865602,,
863176,0,862954,,
863177,0,862954,,
863195,0,862954,,
863197,0,862954,,
863200,0,862954,,
863204,0,862954,,
863231,1,,,
863234,1,,,
863246,0,,,
863268,1,,,
863273,0,,,
863274,0,,,
863353,1,,,
863359,1,,,
863369,0,,,
863400,1,,,
863405,0,,,
863407,0,,,
863408,0,,,
863451,1,,,
863486,1,,,
863487,1,,,
863488,1,,,
863490,1,,,
863491,1,,,
863493,1,,,
863563,0,865602,,
863566,0,862954,,
863650,0,862954,,
863654,0,862954,,
863656,0,862954,,
863657,0,862954,,
863659,0,865602,,
863668,0,865602,,
863669,0,862954,,
863672,0,862954,,
863677,0,862954,,
863684,1,,,
863687,1,,,
863700,0,862954,,
863704,0,865602,,
863707,0,865602,,
863710,0,862954,,
863712,0,865602,,
863714,0,865602,,
863722,0,862954,,
863731,1,,,
863741,0,,,
863761,0,,,
863765,1,,,
863766,1,,,
863775,1,,,
863776,1,,,
863785,1,,,
863796,1,,,
863798,1,,,
863799,1,,,
863800,1,,,
863801,1,,,
863802,1,,,
863804,1,,,
863805,1,,,
863806,1,,,
863807,1,,,
863829,0,862954,,
863830,0,865602,,
863831,0,865602,281,
863832,0,,,
863835,0,865602,,
863836,0,865602,,
863840,0,862954,,
863845,0,,,
863846,0,865602,,
863848,0,862954,,
863849,0,862954,,
863854,0,862954,,
863855,0,865602,,
863867,0,,,
863868,0,,,
863869,0,862954,,
863870,0,862954,,
863871,0,862954,,
863872,0,862954,,
863873,0,,,
863874,0,865602,,
863876,0,862954,,
863877,0,862954,,
863878,0,,,
863879,0,862954,,
863880,0,865602,,
863881,0,,,
863882,0,,,
863883,0,,,
863884,0,862954,,
863885,0,865602,,
863898,0,862954,,
863902,0,,,
863903,0,865602,,
863907,0,,,
863919,0,,,
863921,0,,,
863924,0,865602,,
863925,0,865602,,
863946,0,,,
863948,0,,,
863954,0,865602,,
863955,0,862954,,
863958,0,,,
863962,0,862954,,
863963,0,862954,,
863964,0,,,
863965,0,865602,,
863966,0,865602,281,
863967,0,,,
863968,0,865602,,
863969,0,,,
863970,0,,,
863972,0,862954,,
863977,0,862954,,
863978,0,865602,,
863979,0,865602,,
863986,0,862954,,
863987,0,,,
863988,0,865602,,
863989,0,862954,,
863990,0,862954,,
863992,0,865602,,
863993,0,862954,,
863994,0,865602,,
863996,0,862954,,
864000,0,865602,,
864005,0,,,
864006,0,865602,,
864008,0,,,
864010,0,862954,,
864016,0,865602,281,
864017,0,,,
864022,0,862954,,
864029,0,865602,,
864030,0,865602,,
864031,0,862954,,
864033,0,862954,,
864036,0,862954,,
864037,0,,,
864039,0,865602,,
864040,0,865602,,
864043,0,,,
864044,0,,,
864045,0,862954,,
864048,0,865602,,
864049,0,865602,,
864050,0,865602,,
864051,0,,,
864055,0,,,
864063,0,,,
864064,0,865602,,
864065,0,865602,,
864066,0,865602,,
864082,0,862954,,
864083,0,,,
864086,0,865602,,
864107,0,865602,,
864121,1,,,
864133,0,862954,,
864135,0,862954,,
864136,0,862954,,
864141,0,862954,,
864152,1,,,
864153,1,,,
864154,1,,,
864155,1,,,
864156,1,,,
864157,1,,,
864158,1,,,
864160,1,,,
864161,0,,,
864162,0,862954,,
864163,0,862954,,
864164,0,862954,,
864175,0,862954,,
864179,0,865602,,
864180,0,865602,,
864181,0,865602,,
864185,0,865602,,
864188,0,862954,,
864189,0,,,
864191,0,862954,,
864192,0,862954,,
864193,0,865602,,
864195,0,865602,,
864198,0,865602,,
864199,0,865602,,
864201,0,862954,,
864202,0,865602,,
864204,0,865602,,
864212,0,865602,,
864215,0,865602,,
864216,0,865602,,
864218,0,865602,,
864219,0,865602,,
864220,0,862954,,
864223,0,865602,,
864224,0,862954,,
864226,0,862954,,
864229,0,862954,,
864232,0,865602,,
864233,0,862954,,
864236,0,862954,,
864237,0,862954,,
864238,0,862954,,
864239,0,862954,,
864240,0,865602,,
864241,0,862954,,
864242,1,,,
864243,1,,,
864244,1,,,
864245,1,,,
864246,1,,,
864247,1,,,
864248,1,,,
864249,0,,,
864250,0,,,
864251,0,,,
864252,0,,,
864253,0,,,
864254,0,,,
864255,0,,,
864259,0,,,
864260,0,,,
864261,0,,,
864262,0,,,
864263,0,,,
864264,0,,,
864265,0,,,
864267,0,,,
864268,0,,,
864269,0,,,
864270,0,,,
864271,0,,,
864272,0,,,
864273,0,,,
864274,0,,,
864275,0,,,
864276,0,,,
864277,0,,,
864278,0,,,
864279,0,,,
864281,0,,,
864283,0,,,
864284,0,,,
864285,0,,,
864286,0,,,
864287,0,,,
864290,1,,,
864291,1,,,
864293,0,,,
864294,0,,,
864295,0,,,
864299,0,,,
864301,0,,,
864302,0,,,
864304,0,,,
864307,0,,,
864311,1,,,
864337,1,,,
864341,1,,,
864343,1,,,
864355,0,,,
864357,0,,,
864359,0,,,
864361,0,,,
864362,0,,,
864367,0,,,
864371,0,,,
864381,1,,,
864386,1,,,
864389,0,,,
864390,0,,,
864395,1,,,
864460,1,,,
864461,1,,,
864462,1,,,
864463,1,,,
864469,0,862954,,
864471,0,865602,,
864483,0,865602,,
864488,0,865602,,
864489,0,862954,,
864495,0,862954,,
864506,0,865602,,
864510,0,865602,,
864518,1,,,
864520,0,862954,,
864521,0,862954,,
864523,0,865602,,
864524,0,865602,,
864525,0,862954,,
864527,0,862954,,
864530,0,865602,,
864531,0,865602,,
864532,0,865602,,
864537,0,865602,,
864538,1,,,
864539,1,,,
864550,1,,,
864551,1,,,
864552,1,,,
864554,1,,,
864555,1,,,
864557,1,,,
864560,1,,,
864561,1,,,
864562,1,,,
864570,1,,,
864573,0,865602,,
864574,0,862954,,
864575,0,862954,,
864604,0,862954,,
864605,0,,,
864606,0,862954,,
864608,0,,,
864609,0,,,
864610,0,,,
864611,0,,,
864612,0,,,
864613,0,,,
864616,0,,,
864617,0,,,
864618,0,,,
864619,0,862954,,
864621,0,865602,,
864625,0,,,
864626,0,865602,,
864628,0,865602,,
864629,0,862954,,
864631,0,,,
864632,0,,,
864633,0,,,
864634,0,,,
864636,0,865602,,
864637,0,865602,,
864640,0,862954,,
864641,0,862954,,
864645,0,,,
864646,0,862954,,
864647,0,865602,,
864650,0,,,
864651,0,862954,,
864652,0,865602,,
864653,0,865602,,
864657,0,,,
864664,0,,,
864667,0,,,
864673,0,,,
864678,0,,,
864681,0,,,
864689,0,865602,,
864697,0,862954,,
864744,1,,,
864748,0,,,
864750,0,,,
864751,1,,,
864752,0,865602,,
864754,1,,,
864760,1,,,
864765,1,,,
864766,1,,,
864767,1,,,
864768,1,,,
864769,1,,,
864770,1,,,
864771,1,,,
864772,1,,,
864773,1,,,
864775,1,,,
864776,1,,,
864777,1,,,
864782,1,,,
864783,1,,,
864787,1,,,
864790,0,865602,,
864791,0,862954,,
864792,0,865602,,
864802,0,865602,,
864803,0,,,
864804,0,862954,,
864805,0,,,
864806,0,,,
864821,0,865602,,
864828,0,862954,,
864829,0,,,
864830,0,862954,,
864833,0,,,
864836,0,,,
864837,0,,,
864838,0,862954,,
864840,0,862954,,
864841,0,865602,281,
864842,0,,,
864845,0,862954,,
864847,0,,,
864848,0,865602,,
864849,0,862954,,
864850,0,865602,,
864851,0,865602,,
864852,0,862954,,
864853,0,862954,,
864855,0,862954,,
864856,0,862954,,
864862,0,865602,,
864863,0,,,
864864,0,862954,,
864865,0,,,
864866,0,862954,,
864867,0,862954,,
864868,0,,,
864870,0,,,
864871,0,862954,,
864873,0,865602,,
864875,0,862954,,
864876,0,,,
864877,0,862954,,
864878,0,865602,,
864879,0,865602,,
864881,0,862954,,
864885,0,865602,,
864886,0,865602,,
864887,0,862954,,
864888,0,862954,,
864889,0,865602,,
864892,0,865602,,
864893,0,865602,,
864896,0,,,
864898,0,865602,,
864900,0,,,
864901,0,,,
864903,0,,,
864904,0,862954,,
864906,0,,,
864907,0,865602,,
864908,0,,,
864909,0,862954,,
864910,0,865602,,
864911,0,862954,,
864912,0,,,
864914,0,,,
864917,0,,,
864918,0,865602,,
864923,0,865602,,
864926,0,865602,,
864927,0,,,
864928,0,862954,,
864930,0,862954,,
864931,0,,,
864932,0,,,
864937,0,,,
864938,0,,,
864940,0,865602,,
864942,0,,,
864943,0,862954,,
864951,1,,,
864955,0,,,
864956,0,862954,,
864963,0,865602,,
864965,0,865602,,
864969,0,,,
864971,0,865602,,
864974,1,,,
864977,1,,,
864978,1,,,
864979,1,,,
864980,1,,,
864981,0,862954,,
864982,0,862954,,
864983,0,865602,,
864984,0,862954,,
864986,0,862954,,
864987,0,865602,,
864988,0,862954,,
864991,0,865602,,
864994,0,865602,,
864995,0,862954,,
864997,0,862954,,
865000,0,865602,,
865005,0,865602,,
865006,0,865602,,
865009,0,862954,,
865011,0,865602,,
865015,0,862954,,
865018,0,865602,,
865020,0,862954,,
865022,0,862954,,
865024,0,862954,,
865028,0,,,
865032,1,,,
865034,1,,,
865037,1,,,
865046,0,,,
865048,0,,,
865067,1,,,
865072,1,,,
865073,1,,,
865074,1,,,
865075,1,,,
865076,1,,,
865077,1,,,
865078,0,,,
865079,0,,,
865080,0,,,
865081,0,,,
865082,0,,,
865083,0,,,
865084,0,,,
865085,0,,,
865087,0,,,
865094,1,,,
865095,1,,,
865096,1,,,
865097,1,,,
865098,1,,,
865099,1,,,
865100,1,,,
865101,1,,,
865102,1,,,
865103,1,,,
865104,1,,,
865105,1,,,
865106,1,,,
865108,1,,,
865109,1,,,
865110,1,,,
865111,1,,,
865112,1,,,
865113,1,,,
865114,1,,,
865115,1,,,
865116,1,,,
865117,1,,,
865118,1,,,
865119,1,,,
865120,1,,,
865121,1,,,
865122,1,,,
865123,1,,,
865124,1,,,
865125,1,,,
865126,1,,,
865127,1,,,
865128,1,,,
865129,1,,,
865130,1,,,
865131,1,,,
865132,1,,,
865133,1,,,
865134,1,,,
865135,1,,,
865136,1,,,
865137,1,,,
865138,1,,,
865139,1,,,
865140,1,,,
865141,1,,,
865142,1,,,
865143,1,,,
865144,1,,,
865145,1,,,
865146,1,,,
865147,1,,,
865148,1,,,
865149,1,,,
865150,1,,,
865151,1,,,
865152,1,,,
865153,1,,,
865155,1,,,
865156,0,,,
865158,0,862954,,
865159,0,,,
865160,0,862954,,
865161,0,862954,,
865162,0,865602,,
865163,0,865602,,
865165,0,865602,,
865166,0,862954,,
865170,0,865602,,
865171,0,862954,,
865172,0,865602,,
865173,0,,,
865174,0,,,
865175,0,,,
865176,0,865602,,
865177,0,865602,,
865178,0,862954,,
865179,0,862954,,
865180,0,865602,,
865181,0,862954,,
865182,0,,,
865183,0,,,
865184,0,865602,,
865185,0,,,
865186,0,,,
865188,0,862954,,
865190,0,865602,,
865191,0,,,
865192,0,,,
865193,0,,,
865195,0,,,
865197,0,,,
865198,0,,,
865199,0,,,
865200,0,862954,,
865201,0,865602,,
865202,0,,,
865203,0,865602,,
865204,0,865602,,
865205,0,862954,,
865206,0,862954,,
865209,0,,,
865210,0,865602,,
865211,0,,,
865212,0,,,
865213,0,,,
865214,0,862954,,
865215,0,865602,,
865216,0,865602,,
865217,0,865602,,
865218,0,862954,,
865220,0,862954,,
865221,0,862954,,
865222,0,862954,,
865224,0,862954,,
865226,0,,,
865227,0,,,
865229,0,865602,,
865230,0,865602,,
865231,0,865602,,
865232,0,862954,,
865237,0,862954,,
865238,0,,,
865239,0,,,
865240,0,,,
865241,0,865602,,
865242,0,865602,,
865243,0,,,
865244,0,865602,,
865245,0,862954,,898
865246,0,862954,,898
865247,0,,,
865248,0,865602,281,
865249,0,,,
865250,0,865602,,
865251,0,865602,,
865252,0,865602,,
865253,0,862954,,
865254,0,865602,,
865255,0,862954,,
865256,0,862954,,
865258,0,862954,,
865259,0,,,
865260,0,865602,,
865261,0,862954,,
865262,0,865602,,
865263,0,865602,,
865264,0,865602,,
865265,0,,,
865266,0,862954,,
865267,0,,,
865268,0,,,
865269,0,865602,,
865270,0,862954,,
865273,0,862954,,
865276,0,,,
865277,0,,,
865279,0,,,
865281,0,865602,,
865284,0,,,
865286,0,862954,,
865287,0,865602,,
865289,0,865602,,
865290,0,862954,,
865291,0,865602,,
865292,0,,,
865293,0,865602,,
865294,0,865602,,
865295,0,862954,,
865296,0,865602,,
865297,0,862954,,
865298,0,862954,,
865299,0,865602,,
865300,0,,,
865301,0,865602,,
865302,0,865602,,
865303,0,865602,,
865304,0,,,
865305,0,,,
865306,0,,,
865308,0,862954,,
865309,0,,,
865311,0,,,
865312,0,865602,,
865313,0,,,
865314,0,,,
865315,0,862954,,
865316,0,,,
865317,0,,,
865318,0,,,
865319,0,862954,,
865320,0,865602,,
865322,0,,,
865324,0,,,
865326,0,,,
865327,0,,,
865329,0,,,
865330,0,865602,,
865331,0,,,
865332,0,,,
865334,0,,,
865335,0,865602,,
865336,0,865602,,
865337,0,,,
865338,0,,,
865339,0,,,
865340,0,,,
865341,0,,,
865342,0,862954,,
865343,0,,,
865344,0,,,
865345,0,,,
865346,0,,,
865348,0,,,
865350,0,862954,,
865353,0,865602,,
865357,0,,,
865358,0,,,
865362,0,,,
865363,0,862954,,
865364,0,,,
865365,0,,,
865366,0,,,
865369,0,865602,,
865370,0,,,
865374,0,865602,,
865375,0,865602,,
865376,0,,,
865377,0,865602,,
865386,1,,,
865387,1,,,
865388,1,,,
865389,1,,,
865390,1,,,
865391,1,,,
865392,1,,,
865393,1,,,
865395,1,,,
865396,1,,,
865397,1,,,
865398,1,,,
865399,1,,,
865400,1,,,
865401,1,,,
865402,1,,,
865403,1,865602,,
865404,0,862954,,
865405,0,865602,,
865406,0,,,
865408,0,,,
865409,0,865602,,
865410,0,865602,,
865411,0,862954,,
865412,0,862954,,
865413,0,,,
865414,0,862954,,
865415,0,,,
865416,0,,,
865417,0,,,
865421,0,,,
865422,0,,,
865423,0,,,
865424,0,,,
865425,0,865602,,
865426,0,,,
865427,0,862954,,
865428,0,862954,,
865429,0,862954,,
865430,0,,,
865431,0,,,
865432,0,,,
865433,0,,,
865435,0,862954,,
865436,0,862954,,
865437,0,,,
865438,0,865602,,
865439,0,,,
865441,0,,,
865443,0,,,
865444,0,,,
865448,0,,,
865449,0,862954,,
865450,0,,,
865451,0,,,
865452,0,862954,,
865453,0,862954,,
865454,0,865602,,
865455,0,,,
865456,0,,,
865457,0,,,
865458,0,,,
865461,1,,,
865462,1,,,
865465,1,,,
865466,1,,,
865468,1,,,
865469,1,,,
865470,1,,,
865471,1,,,
865472,1,,,
865473,1,,,
865474,1,,,
865475,1,,,
865476,1,,,
865477,1,,,
865479,1,,,
865481,0,865602,,
865482,0,862954,,
865484,0,862954,,
865485,0,865602,,
865486,0,862954,,
865487,0,862954,,
865488,0,865602,,
865489,0,865602,,
865490,0,862954,,
865491,0,865602,,
865492,0,862954,,
865494,0,862954,,
865495,0,862954,,
865496,0,862954,,
865497,0,865602,,
865498,0,862954,,
865499,0,862954,,
865501,0,,,
865502,0,862954,,
865503,0,862954,,
865504,0,865602,,
865505,0,865602,,
865508,0,865602,,
865509,0,862954,,
865511,0,862954,,
865512,0,862954,,
865513,0,865602,,
865514,0,862954,,
865515,0,862954,,
865516,0,862954,,
865517,0,862954,,
865518,0,862954,,
865521,0,862954,,
865522,0,865602,,
865523,0,862954,,
865524,0,862954,,
865525,0,865602,,
865526,0,862954,,
865527,0,865602,,
865528,0,862954,,
865529,0,862954,,
865530,0,862954,,
865533,0,862954,,
865535,0,865602,,
865537,0,862954,,
865538,0,865602,,
865539,0,865602,,
865540,0,,,
865541,0,862954,,
865542,0,865602,,
865543,0,862954,,
865545,0,,,
865549,0,865602,,
865550,0,865602,,
865551,0,865602,,
865553,0,865602,,
865554,0,862954,,
865555,0,865602,,
865556,0,862954,,
865557,0,865602,,
865558,0,862954,,
865559,0,862954,,
865560,0,865602,,
865561,0,,,
865562,0,865602,,
865563,0,862954,,
865564,0,,,
865565,0,862954,,
865566,0,862954,,
865567,0,,,
865568,0,862954,,
865569,1,,,
865570,1,,,
865571,1,,,
865572,1,,,
865573,1,,,
865574,1,,,
865575,1,,,
865576,1,,,
865577,1,,,
865578,1,,,
865579,1,,,
865580,0,,,
865581,0,,,
865582,0,,,
865583,0,,,
865584,0,,,
865585,0,,,
865586,0,,,
865587,0,,,
865588,0,,,
865589,0,,,
865590,0,,,
865591,0,,,
865592,0,,,
865594,0,,,
865595,0,,,
865596,0,,,
865597,0,,,
865598,0,,,
865602,1,,,
865603,1,,,
865604,1,,,
865605,1,,,
865606,1,,,
865607,1,,,
865608,1,,,
865609,1,,,
865610,1,,,
865611,1,,,
865612,1,,,
865613,1,,,
865614,0,,,
865615,0,,,
865616,0,,,
865617,0,,,
865618,0,,,
865620,0,,,
865622,0,,,
865623,0,,,
865624,0,,,
865625,0,,,
865627,0,,,
865628,0,,,
865629,0,,,
865630,0,,,
865632,0,,,
865634,0,,,
865637,1,,,
865638,1,,,
865639,1,,,
865640,1,,,
865641,1,,,
865642,0,,,
865644,0,,,
865645,0,,,
